[[  5.46530951e-01   6.08534066e-01   5.96788595e-01   6.45502902e-01
    6.28566637e-01   6.59898681e-01   8.71100238e-01   1.04115099e+00
    1.02005970e+00   9.95061285e-01   7.10811453e-01   3.28716700e-01
    4.86788364e-01   5.01232418e-01   6.69196202e-01   5.55526760e-01
    4.78143575e-01   4.75321035e-01   6.71177133e-01   2.17270715e+00]
 [  5.59850870e-01   6.25852503e-01   6.67544545e-01   6.68086051e-01
    6.67005460e-01   6.81879294e-01   7.47689304e-01   7.36331596e-01
    7.42241647e-01   7.71862706e-01   7.24686295e-01   7.31160581e-01
    3.10301195e-01   6.85664618e-01   6.71978554e-01   6.56670928e-01
    6.98911371e-01   7.14340231e-01   8.78527640e-01   2.26011835e+00]
 [  5.80181899e-01   5.94169830e-01   6.64028539e-01   6.33064547e-01
    6.74632685e-01   1.11888482e+00   8.39859973e-01   9.31659066e-01
    9.58367960e-01   9.30697188e-01   6.46739687e-01  -2.89391431e-01
    4.88304955e-01   6.16698079e-01   6.86046696e-01   6.50343057e-01
    4.87078022e-01   4.88107349e-01   6.35626661e-01   2.29696104e+00]
 [  5.44125562e-01   6.30641936e-01   6.19520332e-01   8.38253230e-01
    2.03898902e+00   2.18059109e+00   1.17627184e+00   1.34201801e+00
    1.30943840e+00   1.26842640e+00   9.74658657e-01   7.31052281e-01
    6.61950628e-01   6.76832656e-01   6.78727687e-01   6.77698146e-01
    6.37861851e-01   7.21338241e-01   8.90717340e-01   2.18221282e+00]
 [  5.49750122e-01   6.43974263e-01   9.87652289e-01   2.19566475e+00
    2.37894604e+00   2.27242468e+00   1.28511239e+00   1.38174370e+00
    1.41613263e+00   1.43234456e+00   7.97353852e-01   4.87466866e-01
    5.29798861e-01   8.48391812e-01   7.64636530e-01   8.47026276e-01
    6.71656667e-01   4.55564985e-01   6.67530325e-01   2.20697063e+00]
 [  5.86932408e-01   1.09153522e+00   2.20582556e+00   2.23858987e+00
    1.82091917e+00   2.31951119e+00   1.14908865e+00   1.09204883e+00
    1.08583909e+00   1.04920764e+00   8.52967156e-01   7.01511398e-01
    6.89900172e-01   1.13352085e+00   1.30424165e+00   1.12198116e+00
    8.53203827e-01   6.74791539e-01   8.56852382e-01   2.30487355e+00]
 [  7.07311548e-01   2.06358118e+00   1.88942041e+00   2.12526969e+00
    1.53115050e+00   2.30003271e+00   1.07139435e+00   4.88307875e-01
    6.86183553e-01   7.68879954e-01   5.94999567e-01   5.29799746e-02
    6.29198526e-01   1.21514089e+00   1.15751898e+00   1.23523946e+00
    6.80827720e-01   5.70713014e-01   6.71282803e-01   2.27036646e+00]
 [  1.64783626e+00   7.08893269e-04   1.38889058e+00   2.10513519e+00
    1.74489279e+00   2.37008917e+00   6.48575896e-01   8.81410455e-01
    9.11019840e-01   8.88405573e-01   5.89251219e-01   6.75973881e-01
    7.15025695e-01   1.16182927e+00   1.09913760e+00   1.20339748e+00
    8.60450137e-01   6.61936715e-01   7.98886867e-01   2.30514716e+00]
 [  1.22492059e+00   2.35673494e+00   1.35213674e+00   2.10476436e+00
    1.95459019e+00   2.01965573e+00   1.19034702e+00   1.31111169e+00
    1.17859528e+00   1.26915404e+00   8.09625986e-01   4.90672197e-03
    6.95691579e-01   1.22081861e+00   1.24168431e+00   1.21485068e+00
    6.07786247e-01   6.97192112e-01   6.97798243e-01   2.26342957e+00]
 [  1.49810546e+00   5.39196756e-03   1.55596260e+00   2.07938771e+00
    1.97563084e+00   6.21220759e-01   6.57039749e-01   1.41068423e+00
    1.41652513e+00   1.41934582e+00   6.59829670e-01   5.53234853e-01
    6.57309307e-01   1.13616574e+00   1.08206244e+00   1.21446857e+00
    8.38435586e-01   5.53235777e-01   6.61285380e-01   2.30514716e+00]
 [  1.32467273e+00   2.30420772e+00   1.99983781e+00   1.50792724e+00
    3.90527601e-01   5.41017035e-01   9.47148276e-01   1.11606912e+00
    1.03090257e+00   1.07320547e+00   8.13771714e-01   6.50860250e-01
    5.89381235e-01   1.24487653e+00   1.19947341e+00   1.19328508e+00
    8.38624581e-01   6.50863437e-01   7.20100036e-01   2.30512729e+00]
 [  1.13569698e+00   2.24290263e+00   1.22927489e+00   4.78769213e-01
    5.86066351e-01   6.66626945e-01   7.67598979e-01   6.09377694e-01
    7.60576860e-01   7.69975933e-01   7.16749991e-01   6.50865783e-01
    6.29170257e-01   1.19382823e+00   1.21967143e+00   1.20939796e+00
    8.44594069e-01   6.50865783e-01   7.20100036e-01   2.30514965e+00]
 [  5.63349859e-01   6.12292414e-01   4.90286985e-01   6.42139889e-01
    2.87178707e-01   6.66020746e-01  -1.10274714e+00   6.52238482e-01
    3.38304373e-02   6.48407939e-01   4.17494926e-01   6.50829362e-01
   -2.06194885e-01   1.21840261e+00   8.31111620e-01   1.12062183e+00
    1.30403733e-02   4.99318691e-01   6.48754368e-01   2.12169427e+00]
 [  5.35584689e-01   2.87811163e-01   4.68561599e-01  -9.50948743e-01
    6.23704293e-01   1.92316931e-01   2.96164464e-01   1.23643174e+00
    1.46501912e-01   1.16427436e+00   1.67597425e-01   6.50863963e-01
    1.88174592e-01   1.21051037e+00   3.36727604e-01   3.98467499e-01
    2.70452700e-01   2.24814070e-01  -1.05095195e+00   1.79269668e+00]
 [  4.16073501e-01   2.59763884e-01   2.48740216e-01   2.00126951e-01
   -2.04307096e-01   6.17861692e-01   9.08423821e-01   1.34476125e+00
    1.16256075e+00   1.42657028e+00   8.39753872e-01   6.44245650e-01
    5.10215098e-01   1.14370340e+00   9.18491386e-01   1.18064067e+00
    6.42294067e-01  -9.17388724e-01   7.20048961e-01  -3.28515024e+00]
 [ -4.95149166e-02   5.88591027e-01  -8.36695284e-01   4.74372810e-01
    4.52971935e-01   6.06286529e-01   9.92413185e-01   3.47090547e-01
    1.14851519e+00   1.17620198e+00   8.14442809e-01   6.47454933e-01
    6.10881611e-01   3.45613441e-01   1.09531002e+00   1.11068698e+00
   -1.11090368e+00   6.50865783e-01  -1.00538477e+00   2.30512517e+00]
 [  5.08409130e-01   5.64402628e-01   6.01873089e-01  -5.17193587e-02
    6.31842570e-01  -1.23769356e+00   5.35567695e-01   2.93124857e-01
    3.82702267e-01  -1.18662925e+00   5.57296177e-01  -7.02901674e-01
    6.09830556e-01  -1.22982246e+00   6.93810163e-01  -1.27330077e+00
    6.69179360e-01  -7.94559409e-01   5.71530984e-01  -1.92556324e+00]
 [  5.02761912e-01   5.52789243e-01   6.03103720e-01   6.15004355e-01
    6.15501610e-01   5.90484079e-01  -7.34467200e-02   8.02644408e-01
    8.09466460e-01   8.39039938e-01   6.92406335e-01   6.50865783e-01
    6.12069078e-01   6.86152918e-01   6.89566773e-01   6.88354376e-01
    6.69370791e-01   6.50865783e-01   7.20100036e-01   2.30514965e+00]
 [  4.94231571e-01   5.50249084e-01   5.83014158e-01   6.02952858e-01
    5.96047927e-01   5.83758864e-01   1.01010111e+00   1.20281637e+00
    1.21898482e+00   1.19456144e+00   8.41212119e-01   6.50865783e-01
    6.10537629e-01   6.79835691e-01   6.88099135e-01   6.98213078e-01
    6.59224942e-01   6.50865783e-01   7.20100036e-01   2.30514965e+00]
 [  4.96955169e-01   5.55054511e-01   5.71868544e-01   5.93723596e-01
    5.89831163e-01   5.78823874e-01   1.22665866e+00   1.45155832e+00
    1.42188649e+00   1.42775705e+00   9.57985098e-01   6.50865783e-01
    6.06102808e-01   6.93810163e-01   6.76996130e-01   6.91704420e-01
    6.65988841e-01   6.50865783e-01   7.20100036e-01   2.30514965e+00]]