   0.58252    0.61837    0.64713    0.65816    0.66463    0.67486    0.83757    0.89081    0.88116    0.88763    0.71839    0.61019    0.61019    0.59510    0.69119    0.61633    0.59977    0.61019    0.78112    2.30515
   0.58329    0.63538    0.66980    0.76036    1.36135    1.64977    1.01688    1.14184    1.13541    1.12579    0.81106    0.61019    0.59104    0.66251    0.68481    0.68603    0.58450    0.61019    0.78112    2.30515
   0.59029    0.91667    1.62150    2.21736    2.09994    2.29685    1.21745    1.24156    1.25115    1.24469    0.83630    0.61003    0.62370    1.03149    1.04202    1.02779    0.77121    0.58162    0.78112    2.30515
   1.31914    2.21813    1.70064    2.14424    1.71157    2.33508    1.12660    0.82095    0.82730    0.83700    0.68154    0.58525    0.70467    1.21667    1.18853    1.21932    0.84129    0.61633    0.77070    2.30515
   1.60014    2.35743    1.52140    2.13573    2.08952    1.32044    1.20133    1.36090    1.35122    1.35769    0.83384    0.59623    0.67650    1.20661    1.22152    1.21466    0.83673    0.62521    0.70895    2.30515
   1.26820    2.28130    1.64763    1.03596    0.50201    0.61081    0.86725    0.96149    0.95510    0.94549    0.76526    0.65087    0.60928    1.21935    1.20957    1.20134    0.84161    0.65087    0.72010    2.30515
   0.54952    0.55111    0.54942    0.65682    0.67905    0.66028    0.92337    1.04885    1.05850    1.05209    0.78600    0.65087    0.63067    1.21916    1.20038    1.21653    0.82205    0.65087    0.72010    2.30515
   0.52955    0.59765    0.62151    0.62408    0.64712    0.62378    1.11099    1.29821    1.30471    1.31432    0.87687    0.65087    0.62105    1.16226    1.17299    1.16586    0.80270    0.65087    0.72010    2.30515
   0.50559    0.55860    0.60307    0.62245    0.62408    0.60425    0.76140    0.81545    0.80578    0.81223    0.71112    0.65087    0.61097    0.68733    0.69169    0.68268    0.66928    0.65087    0.72010    2.30515
   0.49589    0.55284    0.57779    0.59854    0.59329    0.58149    1.11898    1.32756    1.32119    1.31146    0.89960    0.65087    0.60832    0.68682    0.68255    0.69496    0.66261    0.65087    0.72010    2.30515
