 117.87069  116.74664  137.04396  129.47266  123.18303  126.46280  131.34320  120.72824  115.98993  119.02305   94.47322 -107.42850 -107.42850   92.73347  126.51305   78.20063   76.07376 -107.42850  106.40475   73.22627
 127.95328  122.68315  110.16893  122.35365   73.42502   85.08797  101.90611  119.58644  118.09963  124.05172   99.70683 -107.42850  123.05872   98.19695  149.09091  152.59509   82.36611 -107.42850  106.40475   73.22627
  98.93832   84.25309   81.88924   92.39659   73.57598   75.63505  138.26177  115.58211  122.43320  113.98753  100.57306   72.57537   80.90427   96.90681   83.17586  124.11517   89.65659  125.19713  106.40475   73.22627
  81.30822   95.97540  147.62951   95.09951  155.11181  118.75388   99.75623  118.59397  115.15909  117.86237  101.18640   98.44760  143.47085  111.50107  115.16277  105.31385  121.92715   78.20063   87.71715   73.22627
 109.23347  149.02357  160.60569  107.86840   83.51263   74.53140  137.05038  115.75395  118.28037  116.90782  102.18894  136.69620   91.98262  102.79451  120.42681  132.84121   96.82736  143.32713  104.57889   73.22627
  77.83862  111.52811  124.59481   76.13869   74.47011  117.40227  108.94186  116.51472  120.34652  116.06096  104.70708  162.57150   97.00795  112.09145   97.25072  110.47116   86.62877  162.57150  109.17809   73.22627
 107.70590  144.81555   77.27943  158.70128   96.38999   87.22892  128.72132  118.10187  123.75495  118.05463   95.17194  162.57150   92.33019  102.12783   94.33884   98.62369  125.51541  162.57150  109.17809   73.22627
 153.53955   83.31269  144.21389  144.43484   77.80507   92.42145  108.75304  121.30784  115.55763  122.38228  106.81889  162.57150   77.81095  153.21245   89.42802  145.65077  158.06700  162.57150  109.17809   73.22627
  82.38474  142.02888  144.54436   78.12079   91.20121  150.02482  131.54087  118.08458  117.94812  114.66072   93.04134  162.57150   92.41252  159.72307   80.02659  151.69982  117.74966  162.57150  109.17809   73.22627
 100.31811  159.61151   80.93862  107.56777  157.84443  145.55378   94.75127  117.70634  115.57824  118.92281  116.76490  162.57150   86.11924   84.99457  145.38562  145.94991   84.53022  162.57150  109.17809   73.22627
